
#Indigo (52events)

***Event 39 (freq: 179, 14):  [20749, 20750, 20751, 20752, 20753, 20754, 20755, 20756, 20757, 20758, 20762]
***Event 48 (freq: 614, 21):  [20842, 20843, 20844, 20845, 20846, 20847, 20849, 20850, 20851, 20852, 20853, 20854, 20855, 20856, 20858, 20859, 20860, 20861, 20862]
***Event 47 (freq: 802, 25):  [20861, 20862, 20863, 20865, 20866, 20867, 20868, 20869, 20870, 20871, 20872, 20873, 20874, 20875, 20876, 20877, 20878, 20879, 20880, 20881, 20882, 20884, 20885]
***Event 45 (freq: 478, 27):  [20883, 20884, 20885, 20886, 20888, 20889, 20890, 20891, 20892, 20894, 20895, 20896, 20897, 20898, 20899, 20900, 20901, 20902, 20903, 20904, 20905, 20906, 20909]
***Event 44 (freq: 305, 24):  [20912, 20913, 20914, 20916, 20918, 20919, 20920, 20921, 20922, 20923, 20924, 20925, 20927, 20930, 20934, 20935]
***Event 41 (freq: 125, 24):  [20791, 20802, 20803, 20804, 20805, 20806, 20807, 20808, 20809, 20810, 20811, 20812, 20814]
***Event 1 (freq: 374, 26):  [20818, 20819, 20820, 20822, 20823, 20824, 20825, 20826, 20827, 20828, 20829, 20830, 20831, 20832, 20833, 20834, 20835, 20836, 20837, 20843]
***Event 22 (freq: 102, 2):  [21212, 21213]
***Event 15 (freq: 50, 13):  [22403, 22410, 22412, 22413, 22414, 22415]
***Event 14 (freq: 56, 5):  [22433, 22434, 22435, 22436, 22437]
***Event 10 (freq: 60, 19):  [24417, 24419, 24425, 24426, 24427, 24428, 24429, 24431, 24432, 24435]
***Event 9 (freq: 54, 4):  [24083, 24084, 24085, 24086]
***Event 7 (freq: 26, 12):  [24415, 24416, 24424, 24425, 24426]
***Event 3 (freq: 28, 5):  [25653, 25654, 25655, 25656, 25657]
***Event 2 (freq: 34, 4):  [26203, 26204, 26205, 26206]
***Event 0 (freq: 30, 12):  [20778, 20780, 20781, 20782, 20783, 20784, 20785, 20789]
***Event 6 (freq: 107, 6):  [25217, 25218, 25219, 25220, 25221, 25222]
***Event 18 (freq: 113,9):  [12829, 21587, 21588, 21589, 21590, 21591, 21623, 21647, 21648]

Event 31 (freq: 22, 3):  [21060, 21061, 21062]
Event 42 (freq: 36, 9):  [20940, 20941, 20943, 20947, 20948, 20949, 20950, 20951, 20952]
Event 38 (freq: 18, 3):  [20987, 20988, 20998]
Event 28 (freq: 89, 5):  [21035, 21036, 21037, 21038, 21059]
Event 4 (freq: 49, 4):  [25452, 25453, 25454, 25455]
Event 5 (freq: 24, 4):  [25267, 25268, 25269, 25270]


#soccer (79events)

***Event 8 (freq: 66):  [11991, 11992, 11993, 11994, 11995, 11996, 11997]
***Event 15 (freq: 60):  [13356, 13357, 13361, 13368, 13381, 13382, 13386, 13387, 13388, 13389]

Event 16 (freq: 52):  [2923, 2924, 2925] 3
Event 17 (freq: 47):  [14422, 14423, 14424] 3
Event 18 (freq: 42):  [7291, 7292, 7295] 3
Event 25 (freq: 86):  [10826, 10844, 10845, 10846] 3
Event 27 (freq: 109):  [5779, 5780, 5781] 3
Event 29 (freq: 57):  [6548, 6549, 6550] 3
Event 30 (freq: 55):  [7893, 7894, 7895] 3
Event 55 (freq: 98):  [15764, 15765, 15766] 3
Event 60 (freq: 36):  [16291, 16293, 16294]
Event 75 (freq: 48):  [11465, 11466, 11467]

#technical (18events)

***Event 0 (freq: 139):  [2980, 2981, 2982, 2983, 2984, 2985, 2988, 2989, 2990, 2992, 2993, 3000, 3001, 3002, 3003, 3004, 3005, 3006, 3008, 3009, 3010, 3011, 3012, 3014, 3015, 3016, 3017, 3018, 3022]
***Event 2 (freq: 80):  [14320, 14343, 14344, 14345, 14346, 14347, 14348, 14350, 14362, 14363, 14364, 14365, 14366, 14367, 14369, 14370]
***Event 4 (freq: 200):  [10194, 10208, 10210, 10211, 10212, 10213, 10235, 10257, 10259, 10260, 10261, 10262, 10263, 10264, 10282, 10283, 10284, 10285, 10286, 10287, 10288, 10289, 10290, 10291, 10292, 10293, 10294, 10308, 10309, 10310, 10311, 10314]
***Event 7 (freq: 42):  [3753, 3754, 3755, 3756, 3757, 3758, 3759, 3760, 3761, 3762, 3776, 3777, 3778, 3779, 3780, 3782, 3783, 3784]
***Event 9 (freq: 150):  [5512, 5513, 5514, 5515, 5516, 5529, 5530, 5531, 5532, 5533, 5534, 5535, 5536, 5537, 5561, 5562, 5577, 5578, 5579, 5580, 5581, 5582, 5583, 5584, 5605, 5606, 5607, 5616, 5629, 5630, 5960]
***Event 10 (freq: 475):  [14243, 14244, 14245, 14246, 14247, 14248, 14249, 14250, 14251, 14252, 14263, 14265, 14266, 14267, 14268, 14269, 14270, 14271, 14272, 14273, 14277, 14288, 14289, 14290, 14291, 14292, 14293, 14294, 14295, 14296, 14313, 14314, 14315, 14316, 14317, 14319, 14321, 14322, 14337, 14340, 14343, 14344, 14346, 14348, 14349, 14350, 14351, 14352, 14367, 14368]
***Event 11 (freq: 371):  [22980, 22981, 22982, 22983, 22984, 22985, 22986, 22987, 22988, 22989, 23000, 23001, 23003, 23006, 23007, 23008, 23009, 23024, 23025, 23026, 23027, 23028, 23032, 23033, 23034, 23035, 23051, 23052, 23053, 23056, 23057, 23058]
***Event 14 (freq: 110):  [23060, 23073, 23075, 23076, 23077, 23078, 23079, 23080, 23081, 23082, 23083, 23084, 23098, 23099, 23100, 23101, 23102, 23103, 23104, 23105, 23106]
***Event 1 (freq: 291):  [375, 561, 562, 563, 564, 566, 587, 590, 592, 593, 597]

Event 3 (freq: 39):  [1472, 1474, 1476, 1477, 1478, 1500, 1501, 1520, 1524, 1525, 1526, 1527, 1547, 1550, 1572, 1574, 1595, 1597, 1598]
Event 5 (freq: 62):  [18925, 18926, 18944, 18946, 18947, 18948, 18949, 18950, 18952, 18953, 19003, 19018, 19019, 19023, 19042, 19043, 19044, 19045, 19046, 19047]
Event 13 (freq: 98):  [5604, 5606, 5607, 5608, 5610, 5611, 5612, 5613, 5614, 5626, 5627]
Event 15 (freq: 35):  [2701, 2702, 2749, 2750, 2751]
Event 16 (freq: 45):  [24945, 24946, 24947, 24950, 24951, 24953, 24954, 24957, 25116]