3854127800
4042378875
3262914181
3376156800
4937897343
4358929966,4358185701,4358930532,4358930794,4358186529,4358186759,4358186983,4358931736,4358931934,4358187613,4358187827,4358188047,4358932780,4358188501,4352336200
4593055117,4593671326,4593672190,4593706544
4593671794,4593707068,4593707608,4593708038,4593090761,4593091221,4593709660,4593093041,4593092567,4593093479,4593094525,4593711602,4593713132,4593712600,4593714050,4593713546,4593714586,4593715328,4593098255
4619389480,4618778091,4618779131,4618779777,4618780559,4618781085,4619395324,4618782661,4619396818,4618783849,4619398390,4618785929,4619400100,4618787711,4619401594,4618788911,4619403330,4618790633,4619404528,4619405398,4618793883,4619408946,4619409766,4618797677,4619411988,4618799367,4618800267,4618801289,4618804159,4619418888,4619420256,4618807873,4619422496,4619422960,4618810415,4618811445,4618811973,4618812465,4618813355,4618814383,4619428590,4618816097,4619430268,4618817893,4618819191,4618819615,4619433646,4619433996,4618822197,4619436314,4618823599,4618824115,4618825197,4618825953,4618826589,4618827699,4619443414,4619444468,4619452040,4619452944,4618839929,4618840797,4619455360,4618842797,4619457122,4618844505
5234898100,5230743507,5234902130,5234312599,5234315891
5714131308,5713576341,5714139126,5713581621,5713584749,5714149006,5713591639,5713596321,5713605847,5714170970,5714174848,5714175898,5713615599,5714179630,5713622043,5714186178,5714189548,5714193348,5713636323
5714259340,5714261558,5714264384,5714266874,5713708523,5713713473,5713718741,5713721695
5171688085
6207368976
3396157502,3395337727,3396154826,3395342641,3396151198,3396154098,3396156764,3395340023
4787686648,4787678350,4790086859,4784282529,4787061230,4786465201,4790083161,4786474683,4787087504,4787077380,4787051864,4787101878,4785701101,4785699857,4785700489,4787364089,4788020390,4788046590,4790727834,4790089339,4790724096,4790729516,4790092301,4790097371,4790093351,4788049524,4787416479,4787418951,4787421865,4788058064,4788061096,4787431753,4788067534,4787445615,4788080496,4788084052,4788087154,4787457795,4787461325,4787464701,4787468449,4787468687,4787472445,4788109454,4787480321,4788116956,4787496261,4787498721,4788133184,4787501205,4787504471,4787507061,4788141576,4789612805,4790246556,4789616121,4789621031,4789622835,4789624567,4789627901
3494648763,3495456578,3494643207,3495466424,3495461384,3495460484,3494634845,3495467472,3494647609,3494644289,3495464936,3495463188,3494632567,3494640201,3494635873,3495464450,3495461778,3494641017,3494649723,3495459560,3495461052,3495468054,3495457394,3494641369,3494650713,3494647117,3494648233,3495459280,3495451266,3495452126,3494651369,3494641699,3494642095,3495453678,3495453154,3495454182,3494637939,3494638365,3495455702,3495456206,3495460190,3495465818,3494650327,3494645591,3494645895,3494646261,3495465468,3494632195,3495450120,3495449754,3494633675,3495450914
4927282692,4927282182,4927280098,4927279544,4926689627,4927294316,4927283746,4926678843,4927298214,4927292144,4926698411,4927293224,4926680317,4926691509,4927288160,4926687583,4927277760,4927295416,4926681415,4926685095,4927295998,4927294888,4927272862,4927281748,4927276364,4926692037,4926682783,4927286498,4926693103,4926696195,4927273588,4927286006,4926697223,4927290908,4927290138,4926690233,4926689127,4927296544,4926685583,4927284112,4927297024,4926683511,4927277284,4926679545,4927297510,4926693873,4926453473
4062577280,4062573736,4061829265,4062575088,4062576912,4061834337,4061830375,4062576730,4061833863,4062577438,4062578188,4062579062,4062577826,4061833647,4062571572,4062577090,4061825685,4061825091,4061827311,4062571374,4062573538,4061828605,4062576048,4061834097,4061825881,4061827105,4062578000,4061829443,4061828801,4061832475,4062573912,4062579518,4061831431,4062572836,4061826441,4061832193,4062574140,4061826277,4061826081,4062578800,4061833141,4061828353
4957840672,4957841682,4957251319,4957252413,4957837672,4957844416
3461868471,3461852153,3461771915,3461764707,3462578696,3461773309,3462580034,3461765675,3462579586,3462580942,3462588280
3430601867,3430611359,3431422436,3430607299,3431418878
3309531163,3309521079,3310352108,3310361454
4544618812,4544619616
5255409629,5256024270,5256025712,5255414099,5256028504,5256029002,5255418553,5256032054,5256032484
4471765666,4470986607,4471766152,4471766380,4471766564,4471766784,4471766968,4470987831,4470987999,4471767684,4470988535,4470988695,4470988877,4470989059,4470989271,4470989447,4470989597,4471769110,4471769268,4470990155,4471769640,4471769872,4471770126,4471770326,4470991099,4470991339,4470991511,4471771052,4470991875,4470992075,4471771594,4470992411,4470992601,4470992815,4470993007,4471772464,4471772648,4471772826,4470993809,4470993955,4470994127,4470994337,4471773678,4470994909,4471773832,4470995971,4471775120,4470996673,4471775852,4470997157,4471776750,4470997801,4471777100,4470998137,4471777446,4470998417,4470998579,4470998715,4470999197,4470999393,4470999953,4471779464,4471000757,4471001145,4471001327,4471001557,4471780886,4470995071,4470997327,4470995209,4471774374,4471774490,4471774644,4470995831,4471775334,4470996507,4470997001,4471776584,4471778152,4470999051,4471778874,4471779012,4471779676,4471779812,4471780164,4471767500
3463612310,3463602306,3463607714
3868229585,3869009796,3868230145,3868230369,3868230573,3868230783,3868230945,3869011044,3869011328,3868231669,3869011888,3868232157,3868232365,3869012710,3869012942,3869015418,3868235607,3869016280,3868237723,3869018560,3868238715,3868238951,3869020110,3869020260,3868240407,3868240555,3868240697,3868240877,3869021866,3868243363,3868243537,3868243695,3868245247,3868246597,3869026946,3869027100,3869027336,3868247423,3868247643,3868247825,3868249341,3868250369,3868251653,3868253125,3868255569,3868256773,3868258047,3869039038,3868260005,3869598061,3868260191,3869040714,3868260607,3869041018,3868260951,3868261143,3869041538,3868261527,3868261709,3868262695,3868262827,3869043188,3869043424,3868263419,3868263641,3869044050,3869044978,3868265107,3868265305,3868265481,3869045736,3869045940,3868266103,3869046348,3869046548,3869046752,3869047710,3868267871,3868268123,3869048442,3869048660,3868268879,3868269769,3868269997,3869050260,3868270353,3868270569,3868270719,3868270891,3868271227,3868271069,3868271393,3869051674,3868271767,3869052664,3869053868,3869054076,3868274187,3869054640,3868274705,3868274927,3868275159,3868275361,3868275591,3869055908,3868275967,3868277505,3868278887,3869059126
3940973126,3940972952,3940193373,3940972526,3940972280,3940192723,3940187399,3940187103,3940186883,3940966780,3940192493,3940192105,3940191873,3940186597,3940191685,3940191519,3940970628,3940970452,3940965624,3940190959,3940190719,3940969816,3940190283,3940190103,3940969306,3940964814,3940969100,3940968956,3940968788,3940968578,3940189075,3940188859,3940185445,3940968010,3940188493,3940967432,3940964442,3940964242,3940204405
3969566507,3969566669,3969566813,3970338212,3970338468,3970338604,3970338720,3969567739,3969567907,3970339294,3969568233,3969568371,3970339718,3969568683,3970340098,3969569007,3969569171,3969569359,3970340802,3970340974,3969569843,3969569947,3970341398,3970341546,3969570423,3970341862,3969570713,3969570923,3969571081,3970342606,3969571223,3970342814,3970343044,3969572003,3969572165,3970343608,3969572569,3969572799,3969572975,3970344300,3970344442,3970344636,3970344800,3969573813,3970345160,3970345330,3970345504,3969574471,3969574655,3969574857,3970346206,3970346372,3970346500,3970346626,3969575675,3970346958,3970347100
4136442730,4136442932,4136443410,4135683157,4136445258,4135685163,4135685305,4136445906,4135685909,4136446540,4136446688,4136447622,4136448286,4135687365,4136447828,4136445456,4135683325,4136443944,4135683695,4136444222,4135683995,4135684127,4135684315,4135684511,4136445106,4135685617,4135685739,4136446854,4135686501,4136447174,4136447364,4136448140,4135679273,4135679433,4135679583,4135679733,4135679929,4136440378,4135680227,4136440700,4136440844,4136441008,4135680869,4136441360,4136441508,4136441670,4135681527,4135681707,4136442126,4136442246,4135682107,4136442568,4135682675,4136443208,4135679079
4199910808,4199157839,4199157945,4199911194,4199158141,4199158247,4199911534,4199158719,4199912028,4199158925,4199159015,4199159121,4199159545,4199159777,4199160329,4199913622,4199160575,4199160701,4199160807,4199160921,4199914442,4199915040,4199162029,4199162287,4199915540,4199156731,4199156829,4199910056,4199157041,4199157135,4199910344,4199910476,4199910598,4199157563,4199911660,4199158611,4199159215,4199912536,4199912638,4199159647,4199159905,4199913172,4199913298,4199913408,4199161029,4199914310,4199914528,4199161481,4199161583,4199914800,4199161825,4199915238,4199915326,4199162465,4199915732,4199915832
3927010812
4005300095,4006072954,4006081618,4005321143,4006094554,4005337361,4005342883
4169535980,4169542412,4168786151
4169553906,4169559756,4169572274,4168819765
4359588505,4359529495
4584709502,4584711638,4584713668,4584715670
4632184345,4632185607,4632784934,4632180117
5008711887,5009317612,5009319382,5008716333,5009323892,5009216543
5111043988,5110443935,5110445053,5111047472
5243885991
5284491822
5400779231,5401407994
5478918279,5479591810
5540938578
5984969951,6017468269
3306596482
3502242518
3543162585,3543973904
4051247922
4278068705,4278817220,4278816798
3681493574,3681493682
4675939982,4675941966,4675321187,4675323345,4675948614,4675327707,4675321791,4675952340,4675955094,4675335539
4957255041,4957849136,4957260133,4957852258,4957261375,4957854154,4957264213,4945394901,4957845422
5097598195,5097598569,5098197430,5098197840,5098198328,5097600015,5097600325,5097600627,5098199534,5098199866,5097601569,5098200466,5097602115,5097602435,5097602785,5097603563,5098201770,5098202524,5098202866,5097604453,5097604763,5097605039,5097605615,5098204606,5098204948,5098205282,5097606813,5098206024,5097607417,5097607731,5097609057,5098208088,5097609641,5098208682,5097610131,5097610495,5098209748,5097611185,5097611503,5098210694,5098211046,5098211404,5098211772,5097613151,5098212396,5098212716,5098213080,5097614439,5098213770,5098214072,5098214382,5097615705,5098214996,5097616395,5098215666,5097617025,5098216294,5098216606,5097617961,5097618321,5098217582,5097618935,5098218236,5098218546,5098218898,5097620365,5098219530,5098219814,5098220096,5098220486,5098220794,5097622645,5098221752,5098222098,5098222436,5097623937,5098223084,5098223400,5098223750,5098224972,5097626421,5097626829,5098226086,5098226418,5098226726,5098227018,5097628601,5097628957,5098228018,5097629693,5097630035,5098229062,5098229378,5098229756,5097631309,5097631631,5097631913,5097632219
4301465291,4302214252,4301467371,4302216122,4302217022,4302217248,4302217894,4301469609,4302218868,4301470639,4301470793,4301470987,4301471179,4302219926,4301464801,4301464993,4302213770,4301465469,4301465853,4302214584,4302214812,4302214960,4301466609,4301466785,4301466977,4301467189,4302216500,4302216660,4301468371,4301468961,4301469187,4302218284,4302218474,4301470195,4301471595,4302220312,4301471997,4302220756,4301472367,4301472535,4302221274,4301472907,4301473099,4302221796,4301473431,4302222160,4301473823,4302222556,4302222678,4301474291
4533111540,4533113326,4533114110,4533114510,4532480959,4533116514,4533116908,4532484681,4532485629,4532487483,4533124844,4533126686,4533127100,4533127600,4533129622,4532496297,4533130822,4533131264,4532497507,4532499727,4533134290,4532500493,4532503783,4533138624,4533139020,4533139422,4533139830,4533140266,4532506385,4533171216,4532477245,4533111968,4532478495,4532478895,4532479717,4532481303,4533115686,4532482091,4533117296,4532484243,4533119006,4533120306,4533120668,4533121064,4533121816,4532488371,4532488827,4532489219,4533123578,4532490055,4532490437,4532491289,4533125562,4532492061,4532492473,4533128170,4533128742,4532497949,4532498371,4533132980,4532499357,4533135124,4533135586,4532501711,4533136372,4533136782,4532502969,4533137642,4533141196,4532507351,4532507779,4533142542,4533142996
4571981333,4572616360,4572616976,4572617642,4571984685,4572619632,4572620154,4571986371,4571986931,4572621788,4571988461,4572623284,4571989613,4571990209,4572625106,4571991323,4571991865,4572627138,4572627678,4571993797,4572628838,4572629574,4572630158,4571996317,4572631390,4572632186,4571998459,4571999161
4591557834,4591559578,4590942277,4590945149,4590947293,4591568690,4591570514,4590951329,4590951647,4591571614,4590952161,4590952427,4590952697,4590953001,4591573114,4590953507,4590953761,4591573978,4590954303,4591574576,4590954911,4591575282,4591575552,4590955827,4591576164,4591576420,4590956617,4590956971,4591577350,4591577640,4591577914,4591578196,4591578530,4590958661,4591579182
5164816379,5165420130,5164817095,5164817443,5165421262,5165421736,5165422138,5164818851,5164819263,5165423308,5165423792,5164820463,5165424522,5165424810,5165425166,5165425448,5165425796,5164822453,5165426450,5165426800,5165427156,5164823941,5165427906,5164824629,5164825045,5165428916,5165429254,5165429598,5164826465,5164826815,5164827159,5164827507,5164827915,5165431714,5164828575,5194650274
5384850331,5385450638,5384851179,5384851567,5385451806,5385452292,5385452726,5384853271,5385453652,5384854329,5385454432,5384855737,5384856147,5385456186,5384857017,5384857541,5385457528,5385458070,5385458436,5384859615,5385459834,5384860615,5384861109,5384861501,5384861925,5385461884,5384862897,5385462880,5385463238,5384864161,5384864571,5385464606,5384865341,5385465390,5384866257,5385466620,5385467136,5384868137,5385468050,5384868993,5384869459,5385469314,5385469854,5384871047,5385470944,5384871855,5385471824,5385472340,5385473468,5384874365,5385474384,5384875333,5384875717,5384876125,5384876505,5385476710,5385479464,5384880347
5423093584,5422488637,5422489079,5422489363,5423094816,5422489875,5422490183,5423095842,5423096146,5423096510,5422491769,5423097332,5423097702,5422492823,5422493123,5423098610,5422494129,5423099750,5422494861,5422495179,5422495473,5423101062,5422496241,5422496699,5422496995,5422497331,5422497767,5423103210,5422498439,5423103916,5422499263,5422499587,5422499915,5423105430,5423105744,5422501105,5423106500,5422501733,5423107146,5422502425,5422502793,5422503517,5422504013,5422504463,5422504783,5422505083,5423110408,5423110954,5422506305,5422506577,5423112264,5422507463,5423112820,5423113238,5423113522,5423114034,5423114384,5423114702
5481669343
4005466765
4606537690,4606529398
3461767809,3462583974,3461768749,3462585274,3461770833,3461771321
4786785837,4786788083,4786790687,4787425852,4787428286,4786798705,4787433332,4786804753,4787439482,4786810491,4787445252,4787447972,4787450338,4786821769,4786823713,4787457210,4787459228,4787461362
4806150117,4806775914,4806779154,4806782038,4806785342,4806751008,4806753874,4806756964,4806759968,4806140153,4806143555,4806146853
5433411652,5432800195
4424115783,4424881368,4424881874,4424881994,4424117661,4424117857,4424117947,4424118305,4424118449,4424883494,4424883758,4424114289,4424114405,4424114509,4424114627,4424114731,4424880010,4424880118,4424880222,4424880316,4424880426,4424880524,4424880648,4424115671,4424880888,4424115983,4424116077,4424116185,4424881540,4424881644,4424116805,4424882118,4424117251,4424882320,4424882442,4424117561,4424882750,4424118067,4424883162,4424118637,4424883862,4424118997,4424884118,4424884212,4424119307,4424884408,4424884490,4424119633,4424119765,4424884794,4424884892,4424884984,4424885070,4424885172
5662743080
5707930885
3923598058,3923604264,3923610924,3922833133,3922849945,3922858583,3922866625
3464138142,3464142134,3463322477,3463331037,3464126940,3463310193,3463310683,3464129058,3463312125,3463312807,3463313069,3463314021,3463314459,3464132378,3463315363,3464132976,3463316011,3464133538,3464133714,3463316775,3463316957,3463317149,3464134614,3463317865,3463318067,3463318289,3464135518,3463318799,3464137148,3463320801,3463321467,3463321675,3464138732,3463322963,3463323357,3464140486,3464140682,3464140874,3464141082,3463324523,3464141690,3464142362,3464142486,3464142706,3464143330,3463326569,3464143748,3464143920,3464144092,3463327251,3464144520,3464145092,3464145344,3464145624,3464145924,3464146158,3464149652,3463333199,3464150530,3463332159,3464127178,3464131420,3464141246
4555199641,4555185085,4555815926,4555194253,4555201319,4555819676,4555814852,4555206743,4555811970,4555204689,4555198191,4555187313,4555821336,4555831276,4555831858,4555811494,4555816572,4555834138,4555193151,4555197073,4555202351,4555824626,4555826256,4555822086,4555191963,4555187959,4555819144,4555830098,4555195997,4555186637,4555204149,4555182845,4555201825,4555179901,4555820542,4555207307,4555814346,4555206037,4555828570,4555834574,4555180583,4555813804,4555836198,4555194765,4555827478,4555829592,4555192665,4546406820
5005389586
4264252030,4264252426,4264252638,4263503107,4264255114,4263505633,4263505817,4263506081,4264255916,4263506477,4263506727,4263508325,4264258036,4263508729,4263508963,4263509167,4263509393,4263509567,4264259766,4263510407,4263510869,4263511793,4264261474,4263512175,4264261910,4263510607,4264263368,4264263680,4264263874,4264264340,4264266036,4263516847,4263517093,4263501311,4264251462,4264251864,4264252230,4263503281,4263503535,4263503721,4263504159,4264253548,4263504369,4264254310,4263504881,4263505143,4264256526,4264256710,4263507327,4264257208,4264257652,4263509795,4264259562,4535926195,4264260668,4263511325,4264261094,4264262152,4263512813,4264262572,4264262794,4263513469,4264263200,4264264140,4263515593,4263515953,4264265524,4264265756,4264266774,4264267006,4263517805,4263518053,4263518297,4263518539,4263518751,4264268448,4263519205
4005351535,4006125636,4006134754,4005379121,4006153784,4005397287,4008103975,4008876386,4005406231,4005412065,4006180960,4008883898,4006190442,4006199516,4005458931
